operations: 806 
395 754 508 627 833 372 341 200 699 203 491 208 711 418 262 622 521 758 469 56 34 472 153 935 218 925 749 544 163 106 632 103 892 887 413 352 16 308 425 926 225 195 967 810 913 543 293 503 538 733 412 798 327 814 876 368 702 894 187 344 705 451 515 402 701 230 435 977 537 700 811 36 608 446 346 526 991 987 904 965 479 793 639 112 656 795 104 841 973 81 375 958 266 831 828 931 440 605 774 353 

operations: 793 
538 432 389 535 936 29 597 851 926 100 577 702 79 440 37 260 692 244 917 677 514 973 632 104 378 74 214 87 115 368 526 81 718 282 548 781 710 794 771 251 861 45 370 123 238 372 320 791 779 306 828 869 242 261 359 144 763 245 52 671 772 231 682 49 900 233 972 396 831 241 938 806 873 452 437 337 164 694 303 568 316 404 687 169 136 787 913 224 805 344 418 438 215 680 290 878 681 620 715 848 

operations: 731 
800 255 311 819 31 507 348 441 17 528 533 503 869 854 245 233 551 621 546 727 52 181 267 98 240 757 901 355 403 668 506 626 756 330 325 50 554 685 444 710 853 505 13 705 884 439 550 105 431 938 974 611 976 421 366 374 770 658 957 762 437 653 878 790 509 823 137 433 200 434 738 761 201 736 107 190 927 380 892 709 470 520 527 262 408 236 312 146 130 521 604 972 916 410 268 847 812 298 788 748 

operations: 797 
776 350 746 857 604 503 253 251 697 821 100 198 195 538 338 218 672 116 145 918 916 510 61 680 337 978 257 785 298 508 238 154 86 59 598 352 262 322 194 646 849 623 755 636 254 527 430 602 823 212 647 906 639 435 950 92 828 332 472 979 125 545 769 493 190 980 148 846 170 564 742 102 643 709 429 386 567 162 308 684 779 886 539 662 784 356 506 13 664 788 943 959 766 380 519 398 203 234 106 971 

operations: 763 
414 817 451 239 74 443 648 542 989 660 634 653 951 163 97 173 552 623 628 928 801 144 626 520 704 534 769 140 968 900 353 851 587 352 386 359 133 678 794 957 996 384 313 209 442 863 373 374 5 936 202 646 479 281 827 222 436 66 372 767 865 858 803 50 981 747 713 835 680 930 711 161 154 903 735 744 915 509 961 982 406 840 985 135 577 676 565 433 269 221 446 636 326 733 687 781 607 535 610 717 

operations: 783 
942 179 381 419 763 737 399 745 304 242 686 933 874 315 401 36 815 995 805 264 454 136 314 296 368 83 797 247 483 529 564 754 273 498 400 722 152 490 978 234 647 395 215 620 292 778 522 397 905 254 631 71 985 109 554 348 730 767 129 420 286 610 221 559 61 624 444 901 102 752 633 281 773 946 225 123 487 451 425 76 651 69 240 276 201 493 181 35 921 751 575 253 572 319 178 902 766 553 725 91 

operations: 805 
257 668 890 342 652 636 387 488 73 102 750 978 286 803 330 356 551 619 726 713 667 521 264 670 634 664 502 430 53 507 976 35 323 208 445 847 60 594 280 207 180 128 303 613 682 814 358 301 245 991 154 643 120 381 775 392 708 841 480 934 417 757 718 584 311 653 699 192 419 247 526 347 340 425 390 631 759 511 212 184 698 655 165 343 904 719 199 357 370 963 272 393 326 174 625 935 345 167 758 367 

operations: 825 
537 908 581 599 828 112 311 97 991 182 963 563 530 462 683 381 999 718 987 305 363 26 308 955 139 648 842 653 598 425 929 658 732 218 921 899 990 473 456 378 239 422 823 750 36 884 498 516 887 559 676 437 993 140 482 19 594 193 733 573 396 497 863 231 654 880 365 848 77 862 753 418 841 549 916 194 945 614 514 69 737 154 89 356 160 686 637 509 379 603 397 609 121 250 132 457 351 557 741 934 

operations: 790 
735 757 411 482 449 731 185 883 650 594 475 700 975 649 245 783 780 896 985 713 701 705 725 562 52 559 336 273 988 244 906 401 995 598 520 567 251 709 218 939 818 135 841 727 767 892 765 121 487 77 490 832 216 987 915 340 726 139 476 871 782 791 580 866 298 712 699 799 492 521 223 366 89 887 506 830 496 142 669 376 545 660 621 446 436 465 998 150 679 627 668 631 876 784 914 402 950 344 936 17 

operations: 793 
160 497 208 912 452 820 245 900 468 729 341 325 387 888 670 579 701 523 217 755 898 165 988 226 138 591 524 679 623 964 526 849 699 172 832 169 549 702 941 220 691 123 750 309 121 868 456 678 546 797 574 712 380 401 499 746 204 44 496 630 434 382 882 735 239 122 261 428 852 383 43 346 76 148 442 791 515 874 583 814 11 539 310 957 59 847 184 598 901 304 834 402 400 301 885 751 202 602 58 385 

operations: 758 
981 476 867 268 513 36 360 433 165 228 620 176 599 598 134 335 733 740 505 222 169 656 267 603 787 44 329 270 900 589 734 833 415 825 38 922 780 865 538 336 328 824 625 259 30 725 173 399 571 983 877 650 157 817 641 441 679 236 187 66 451 386 484 960 12 133 514 219 906 253 984 912 878 198 475 395 226 565 314 406 551 839 977 85 792 962 58 927 170 543 987 216 870 383 545 420 361 258 48 297 

operations: 794 
449 454 977 296 209 791 357 616 90 637 229 173 803 42 602 433 363 785 891 959 439 72 927 948 426 676 210 41 424 850 411 551 944 14 536 843 991 710 434 776 387 332 487 423 138 713 178 553 899 587 580 498 724 495 134 612 954 541 420 627 156 737 584 698 494 956 837 628 863 521 586 501 315 47 413 375 321 545 263 679 934 416 231 605 681 542 181 599 481 103 484 564 504 135 119 593 18 871 338 743 

operations: 769 
663 692 755 537 93 943 277 783 827 382 968 799 712 905 646 527 974 803 664 120 544 862 145 676 363 903 385 541 229 54 438 592 858 513 359 949 529 633 463 990 962 117 95 840 141 358 14 211 904 657 619 661 566 87 384 651 981 769 196 506 518 237 477 695 143 107 490 674 551 548 877 849 754 805 464 797 467 396 853 687 868 192 486 239 407 443 367 807 689 941 453 105 389 887 398 276 374 624 401 936 

operations: 849 
378 611 177 957 709 68 734 666 600 712 451 609 299 652 510 742 901 149 318 732 964 262 647 764 61 338 20 106 476 565 190 347 923 306 920 406 545 994 974 877 863 924 575 696 487 576 760 864 921 607 489 247 358 850 915 205 598 292 113 648 304 333 624 884 646 457 523 438 115 683 100 88 933 638 542 678 601 272 309 223 871 137 621 566 461 751 312 201 540 637 740 843 628 700 506 194 725 411 82 226 

operations: 816 
381 634 913 334 256 560 672 923 813 233 529 551 480 974 275 938 157 185 828 969 625 170 43 747 485 744 964 471 814 870 243 958 206 561 557 197 430 668 791 598 375 414 699 194 200 666 368 846 798 698 462 675 492 997 630 645 150 265 247 516 279 212 931 296 635 538 621 892 252 20 244 310 967 413 702 195 412 211 725 111 891 290 694 959 761 815 76 980 559 84 804 681 514 465 89 722 839 520 669 950 

operations: 806 
320 968 75 168 920 715 324 254 209 625 47 827 650 976 172 237 513 290 225 425 111 813 366 571 382 791 800 88 144 475 567 450 39 474 100 135 802 589 335 903 103 621 392 849 496 497 891 507 773 642 999 371 526 545 698 469 960 931 683 183 130 280 477 848 757 970 639 775 855 754 512 978 677 577 378 633 889 540 470 766 62 761 834 787 658 772 671 917 709 403 176 984 767 492 205 151 829 527 992 182 

operations: 771 
651 556 483 384 615 646 0 161 515 315 562 948 252 856 280 874 184 524 120 172 438 47 690 773 571 305 560 371 768 86 879 221 330 764 146 109 168 839 125 893 655 968 583 705 176 433 740 162 888 309 478 683 520 394 684 566 443 576 793 814 312 716 127 481 194 907 173 774 390 873 867 644 265 179 672 529 575 403 151 743 581 521 612 884 308 345 978 370 863 319 192 381 766 199 645 643 435 818 735 631 

operations: 786 
904 47 100 708 160 975 849 587 921 85 571 620 327 246 116 193 719 117 796 734 954 229 967 679 939 154 65 681 140 425 602 817 833 810 423 270 478 248 731 266 83 428 837 294 884 124 368 304 882 144 934 228 656 868 783 893 825 42 950 69 301 971 522 165 432 347 576 380 858 92 787 996 977 467 784 280 486 147 880 629 806 221 619 542 109 339 936 857 121 662 392 670 405 436 278 518 823 196 644 788 

operations: 795 
41 983 230 270 817 637 912 909 691 164 296 250 977 777 851 215 655 740 926 520 633 823 180 921 213 566 62 27 330 435 469 613 315 353 745 788 712 962 283 638 972 966 917 28 260 39 771 254 199 468 910 281 743 742 472 597 523 504 751 725 668 194 994 87 997 992 272 47 160 335 98 275 773 442 479 782 797 663 537 325 534 447 951 681 166 417 599 673 569 357 724 395 705 796 774 231 574 217 206 93 

operations: 785 
668 255 265 866 934 384 568 155 755 351 223 249 237 64 577 542 963 987 680 325 876 661 172 292 992 904 954 20 493 813 308 817 492 762 336 261 216 245 18 98 526 339 652 290 760 355 275 638 266 811 836 73 295 152 458 637 749 779 240 664 862 699 368 430 253 806 437 495 310 439 305 429 617 769 642 122 990 587 903 839 896 511 691 747 506 502 348 707 722 694 756 471 655 893 175 958 314 563 527 928 

operations: 772 
640 121 518 762 241 510 359 710 801 570 551 676 475 181 781 964 293 363 972 159 945 414 467 149 258 496 732 297 46 512 741 593 339 152 273 737 252 169 845 535 338 244 331 307 540 162 594 821 971 89 742 199 497 370 962 166 767 30 472 702 158 823 697 548 265 243 318 936 423 580 395 61 668 268 466 20 332 74 228 611 524 527 568 891 477 148 435 397 572 130 225 998 746 618 850 734 183 255 393 533 

operations: 822 
436 166 280 44 620 431 655 670 270 921 182 810 717 213 524 169 537 708 485 709 190 762 417 608 975 344 578 463 118 86 642 956 254 114 146 469 104 546 345 295 826 770 364 181 674 911 518 972 361 723 742 423 959 260 306 462 516 92 465 876 29 58 706 823 370 284 866 788 600 500 375 560 316 870 725 633 390 433 314 627 890 340 324 835 150 372 127 240 917 816 824 449 589 955 513 702 805 488 525 729 

operations: 791 
222 901 785 235 702 303 895 666 806 112 300 896 204 738 277 583 784 442 292 830 448 395 945 849 629 139 691 919 221 322 206 512 178 838 496 426 435 18 25 693 634 878 20 148 470 400 642 797 335 754 365 554 146 990 694 338 429 930 753 862 422 933 571 286 835 145 162 757 746 681 366 386 301 228 289 10 625 116 552 924 637 75 494 276 578 205 577 851 247 363 689 922 88 310 799 401 564 256 911 586 

operations: 795 
712 839 35 845 364 750 424 185 348 922 36 143 244 63 199 926 788 58 207 281 904 564 431 897 454 726 404 592 989 155 62 751 272 511 40 740 176 243 783 299 174 284 331 971 952 283 550 306 227 145 111 279 406 475 325 375 861 689 189 234 682 183 833 756 459 826 567 309 344 392 246 362 985 77 288 190 107 762 758 561 277 649 456 663 484 337 162 729 619 695 481 626 940 579 297 928 978 805 101 127 

operations: 847 
887 302 530 92 820 500 304 716 121 657 459 264 266 354 114 489 389 388 767 342 336 497 685 873 996 337 600 380 845 569 15 458 192 473 840 44 577 400 442 864 993 125 279 153 517 461 495 358 332 876 714 313 362 930 431 574 219 544 276 367 766 189 799 147 188 284 335 846 216 457 607 545 373 338 172 262 432 589 65 340 534 305 101 679 762 29 884 871 645 804 504 10 319 506 437 684 976 578 350 649 

operations: 803 
845 285 824 985 533 318 953 703 289 295 304 804 501 35 777 373 47 494 530 158 719 399 535 660 511 111 50 177 596 387 921 721 323 265 787 550 679 155 371 237 319 670 101 246 786 781 363 928 182 492 315 722 216 462 880 808 675 577 266 427 569 632 539 359 453 655 131 144 14 704 552 672 102 743 701 991 711 558 188 172 587 424 487 241 843 204 130 442 776 408 183 382 842 523 447 413 790 510 634 441 

operations: 792 
752 777 911 452 447 746 131 662 725 239 479 288 181 19 148 428 442 306 467 429 981 102 574 473 758 898 883 713 339 120 664 376 864 954 231 266 375 806 198 543 591 335 272 202 416 966 943 566 894 629 515 173 33 720 852 557 477 393 424 496 948 385 223 792 683 285 408 773 544 670 392 888 618 584 761 232 952 216 340 876 311 49 118 367 803 836 121 431 215 378 191 56 245 790 685 137 690 829 175 541 

operations: 787 
43 772 673 506 161 120 490 122 47 683 744 75 559 74 792 442 23 438 692 437 187 654 553 441 791 264 765 324 941 419 873 228 940 244 111 286 140 267 757 988 800 541 376 817 417 218 788 426 717 999 300 496 834 252 877 627 964 149 730 860 568 219 101 478 458 995 820 384 975 641 147 740 234 361 470 233 599 913 472 225 378 965 355 746 266 943 776 954 665 688 668 732 514 428 448 281 413 129 16 50 

operations: 753 
436 559 79 977 207 278 305 55 112 868 412 284 793 450 30 246 898 35 903 299 204 326 86 349 609 167 135 376 628 143 174 685 540 163 478 888 217 238 755 21 463 807 476 173 973 541 52 114 990 528 480 703 724 310 219 716 861 663 314 548 111 464 29 466 51 631 192 141 449 328 118 32 346 897 182 657 188 712 342 758 576 525 485 681 270 371 632 443 658 147 106 254 138 899 673 338 453 228 339 227 

operations: 802 
502 955 183 719 234 94 138 781 562 578 133 224 751 220 158 597 15 891 479 387 31 977 910 691 68 191 557 453 855 463 925 899 305 903 809 747 680 740 754 981 826 446 250 340 596 638 776 354 266 779 347 567 538 852 646 880 367 189 464 988 666 357 703 339 208 609 857 550 676 700 219 264 820 151 846 756 862 316 804 641 465 679 271 833 246 289 401 631 878 212 302 788 259 566 615 335 209 983 869 698 

operations: 791 
478 907 489 41 603 996 432 705 829 556 441 278 243 39 474 176 944 941 322 679 894 972 736 80 481 459 819 202 863 804 933 476 466 786 359 120 542 995 169 846 183 173 362 138 125 329 882 718 935 883 71 946 729 967 269 415 261 821 357 867 146 462 605 100 510 223 593 569 256 629 975 544 621 640 697 852 797 137 275 341 122 486 330 340 683 998 405 114 344 358 811 521 220 212 602 620 964 886 777 452 

operations: 867 
930 724 540 179 903 157 216 918 26 496 451 457 362 679 587 169 703 719 955 489 984 474 927 513 271 893 817 574 664 879 666 269 853 658 332 493 212 753 671 852 642 702 54 596 959 462 842 966 608 747 639 934 76 217 15 265 946 944 820 691 154 425 354 285 364 535 203 646 260 463 643 234 802 487 344 454 936 490 352 390 228 729 223 115 498 376 964 618 545 319 625 828 627 409 405 240 517 111 194 412 

operations: 797 
877 925 819 69 934 200 878 742 483 883 424 126 875 384 874 616 740 844 1 261 449 884 871 638 685 14 523 439 459 643 646 796 327 512 695 332 676 57 322 598 771 33 128 812 400 889 620 291 419 707 774 112 988 917 224 52 185 219 604 288 959 227 913 977 649 701 931 41 733 680 565 576 152 178 679 785 658 497 963 602 175 837 149 835 87 529 441 790 832 313 372 426 938 56 716 314 738 437 486 343 

operations: 879 
996 574 832 484 454 545 300 936 693 474 750 595 660 34 830 368 190 970 931 539 441 393 785 391 234 994 617 570 547 670 849 603 902 822 25 593 321 943 330 250 942 858 836 946 431 916 543 173 318 565 675 607 743 480 407 295 652 86 176 447 653 680 419 457 466 452 692 432 922 662 105 199 141 713 841 114 434 850 475 463 451 423 421 993 249 975 674 650 789 252 145 11 965 317 179 414 918 203 442 672 

operations: 753 
980 325 984 16 812 512 391 619 514 184 161 359 417 75 737 484 529 991 73 582 994 119 47 131 276 628 573 159 842 448 641 337 797 776 286 943 612 495 112 827 412 685 460 165 843 468 866 830 624 944 837 507 664 661 511 137 563 53 150 183 284 257 605 701 299 88 735 526 361 675 635 707 795 906 431 926 120 228 798 839 882 784 433 162 729 101 787 116 645 832 633 214 835 580 772 381 990 741 395 413 

operations: 780 
294 791 818 183 420 640 683 717 514 733 275 696 135 241 588 117 524 842 505 456 301 369 156 350 520 991 43 36 709 250 645 175 996 673 149 375 560 181 462 862 480 515 552 500 209 776 599 77 977 245 886 316 913 503 671 782 164 941 635 833 30 457 233 412 758 422 122 719 994 564 344 202 66 360 121 602 976 68 432 396 819 157 179 707 756 677 336 468 509 217 925 598 315 550 381 455 611 900 821 216 

operations: 801 
254 301 455 285 238 595 961 333 124 533 96 416 664 607 865 671 573 503 57 940 132 438 462 120 203 294 574 551 690 713 406 460 997 413 648 581 324 177 232 229 225 385 669 758 673 852 684 266 349 113 295 251 994 735 923 883 919 874 255 154 187 640 141 378 392 725 823 300 592 737 491 681 282 781 286 504 456 193 400 373 275 166 861 523 787 369 575 988 603 860 972 773 478 970 98 130 326 464 661 384 

operations: 776 
239 442 635 318 705 664 663 469 817 985 30 731 915 204 555 844 605 369 303 396 941 81 263 694 467 274 935 659 806 629 209 377 152 112 106 774 179 366 574 852 824 390 800 874 379 556 974 476 343 626 151 737 896 404 224 834 437 474 614 33 750 780 904 861 385 903 127 891 113 808 141 506 955 545 754 177 987 138 633 947 521 923 510 671 207 155 894 502 699 769 331 727 624 173 241 984 897 158 763 657 

operations: 759 
951 630 931 461 581 494 750 167 868 648 368 379 660 307 478 800 375 139 347 98 617 668 400 181 854 294 169 316 727 338 673 439 852 107 431 105 564 567 686 633 143 291 590 605 103 425 287 434 655 976 891 85 991 571 281 298 646 334 899 978 136 744 870 934 505 207 652 299 351 209 515 603 312 333 987 678 137 129 703 782 171 697 123 752 669 849 449 193 733 944 179 124 894 825 267 484 421 457 441 407 

operations: 709 
225 605 949 757 789 341 689 460 506 482 627 485 655 684 12 334 685 788 473 80 349 695 391 942 537 712 705 346 209 764 327 520 850 545 188 44 322 384 62 972 256 102 271 630 65 146 109 549 858 226 17 483 634 861 402 411 816 258 798 600 423 743 24 185 450 263 141 179 328 831 198 692 536 447 152 380 623 581 688 107 759 819 923 13 556 312 300 696 870 763 381 139 512 433 661 389 409 385 431 503 

operations: 716 
607 219 36 254 461 685 149 736 580 901 308 738 792 450 340 777 372 327 850 228 793 832 892 437 938 897 999 128 998 162 959 215 16 268 76 343 100 383 178 232 691 555 606 632 661 558 894 300 928 137 323 756 426 293 899 814 727 424 997 808 770 389 490 785 123 540 84 805 81 276 112 459 474 463 732 645 682 650 889 709 120 290 982 887 385 577 859 572 443 546 338 728 635 995 876 686 536 353 464 284 

operations: 796 
520 900 823 114 905 460 694 356 300 253 746 107 468 787 407 706 379 748 761 891 987 250 151 697 626 335 98 958 606 546 11 305 599 789 512 745 965 323 940 178 901 395 879 865 192 991 229 396 582 544 878 524 521 333 570 281 302 554 835 423 664 105 157 935 161 315 215 938 873 71 561 975 550 413 545 444 225 670 782 370 517 31 141 562 876 649 261 189 784 321 464 158 227 831 949 255 437 479 530 198 

operations: 788 
250 686 323 822 626 224 295 331 228 196 868 810 845 851 71 310 775 451 378 757 455 666 949 658 933 883 20 319 454 494 629 90 801 252 343 399 846 12 162 917 544 398 860 998 722 165 542 910 603 837 600 678 898 280 995 260 718 506 292 991 217 794 731 34 345 416 520 691 320 439 139 529 856 621 825 383 510 448 450 314 914 257 380 132 543 572 381 492 110 571 478 467 35 240 387 322 122 147 161 890 

operations: 746 
204 591 714 270 561 926 573 764 415 729 883 441 650 403 847 428 958 653 553 575 488 987 172 129 145 695 948 367 176 502 195 12 77 54 476 829 855 648 518 691 206 318 140 469 445 148 918 331 259 380 472 116 160 528 970 660 567 186 569 312 583 507 743 699 605 351 411 183 410 639 409 13 38 801 952 955 833 535 171 400 424 105 626 677 218 337 649 412 389 857 730 272 386 990 796 658 332 453 508 808 

operations: 838 
299 638 928 721 118 876 894 635 237 334 867 188 911 596 804 982 381 448 936 467 504 297 755 384 642 577 851 959 412 742 820 125 512 656 856 991 844 370 95 883 653 775 766 362 669 676 65 15 465 841 282 45 126 507 587 701 707 974 460 301 445 757 686 394 548 475 275 482 428 838 751 386 442 202 473 324 994 452 692 909 407 154 22 744 511 644 58 108 193 753 147 614 706 784 447 671 503 605 510 785 

operations: 723 
516 954 861 200 31 182 229 101 85 501 323 103 853 882 936 806 349 533 34 744 520 392 937 385 294 177 758 990 703 201 474 523 813 994 146 747 393 920 379 212 675 110 753 649 991 512 480 726 594 794 51 291 396 269 586 150 893 131 428 679 945 530 384 400 982 343 978 879 863 840 224 414 607 732 725 140 687 668 370 935 707 308 130 656 117 279 710 499 612 114 981 216 761 886 246 244 268 609 672 193 

operations: 768 
838 973 59 179 310 37 180 231 457 339 117 81 618 196 599 544 446 288 394 223 414 870 963 285 214 521 331 674 447 974 363 853 108 671 950 936 171 701 699 703 157 762 156 445 560 915 815 486 891 168 549 517 653 787 843 775 637 536 399 295 987 757 142 458 964 767 745 638 705 670 230 308 78 66 573 475 165 466 254 105 325 850 332 730 707 735 383 385 999 927 996 672 648 194 531 174 792 554 131 628 

operations: 799 
497 194 609 425 714 850 673 884 383 949 400 640 197 463 101 426 660 511 134 764 798 788 153 550 761 108 485 328 319 684 248 43 866 658 310 334 527 634 895 699 827 757 145 756 716 446 729 233 802 873 393 603 959 450 945 565 579 743 698 590 293 538 127 349 476 519 770 396 483 254 55 861 438 528 518 161 960 240 501 208 636 416 560 138 751 251 272 453 821 365 773 106 247 962 936 207 526 488 899 154 

operations: 783 
925 248 268 992 41 175 617 674 389 117 425 427 485 837 504 77 581 240 689 570 928 540 817 687 311 402 312 498 932 756 146 573 339 97 762 368 993 468 403 644 191 744 871 205 675 650 545 747 295 266 627 286 362 750 491 406 520 189 802 31 931 916 657 176 849 695 808 530 723 990 636 142 542 78 562 989 72 777 358 204 625 751 597 797 645 799 677 156 140 126 957 529 264 947 212 374 120 123 108 488 

operations: 802 
531 369 119 168 779 484 491 6 965 32 614 214 809 570 798 534 840 413 183 836 293 804 960 540 187 157 988 769 182 441 889 450 312 997 246 669 285 399 164 758 146 538 47 791 138 831 550 253 363 175 688 870 515 683 339 311 727 943 72 54 677 469 848 901 700 964 818 52 519 710 419 651 352 721 843 365 215 726 503 936 483 666 853 212 871 702 439 462 319 878 932 587 101 148 945 680 28 604 765 541 

operations: 763 
438 198 349 323 446 954 220 828 484 391 592 124 664 19 639 143 140 468 415 512 356 509 197 332 352 402 727 747 899 151 464 590 522 354 196 360 387 513 421 906 736 489 269 970 992 264 938 720 729 812 219 717 628 660 669 609 86 706 304 333 692 909 993 733 539 482 154 927 531 670 719 424 676 465 679 429 481 636 181 795 850 307 698 321 399 956 889 466 771 530 544 440 633 103 673 462 265 202 842 819 

operations: 741 
964 749 421 566 946 26 233 45 816 629 926 467 183 227 622 447 92 325 451 537 153 551 582 163 909 670 115 388 169 242 257 261 547 642 359 295 786 167 188 725 530 623 283 494 798 368 978 220 204 424 180 660 486 512 374 472 994 518 708 407 130 874 301 981 782 330 933 241 748 62 142 845 849 426 630 713 940 485 854 861 479 673 50 305 277 998 576 971 858 131 162 968 386 91 226 306 224 979 434 924 

operations: 824 
843 802 434 511 54 78 965 714 770 145 916 550 748 602 121 328 534 650 445 791 197 528 868 255 688 982 732 892 420 248 577 879 925 855 128 158 592 510 382 696 990 944 997 716 721 95 643 86 824 626 380 467 862 767 644 348 766 923 388 27 232 297 603 525 882 377 182 164 952 708 839 341 740 810 323 532 720 961 670 966 83 130 618 753 645 106 724 723 196 269 712 682 131 89 265 371 171 903 270 242 

operations: 739 
193 338 419 667 76 303 278 947 559 178 355 420 213 271 709 25 844 631 122 175 425 904 157 680 330 693 747 306 108 724 574 534 809 967 525 69 223 142 760 418 101 812 727 333 711 852 585 191 683 145 399 114 789 187 350 602 647 241 293 578 354 301 731 614 642 772 26 181 337 862 796 492 205 911 643 466 666 141 778 211 274 646 754 106 460 640 401 669 966 997 182 925 296 984 400 612 408 592 125 307 

operations: 812 
957 177 959 446 14 233 910 503 558 687 508 652 557 236 71 916 222 90 483 315 523 265 674 121 801 368 262 680 201 333 907 677 532 289 224 750 322 482 819 942 35 496 796 350 893 656 773 227 641 982 862 627 851 703 991 444 527 719 575 694 785 903 691 11 606 431 689 899 388 128 642 475 909 986 78 738 904 591 918 605 110 171 537 734 727 95 433 184 550 555 917 961 762 620 351 723 186 683 948 106 

operations: 715 
900 245 293 27 710 444 589 272 719 926 856 716 968 176 167 155 630 283 892 96 438 915 35 65 218 825 526 366 192 944 404 712 522 802 626 269 425 990 992 343 148 17 938 768 847 179 139 392 398 761 687 717 341 927 688 799 769 565 561 935 982 700 694 198 569 537 182 753 869 77 844 624 466 42 592 941 523 171 722 637 52 190 277 509 656 857 663 460 809 912 841 893 330 817 692 383 587 924 373 573 

operations: 727 
983 577 528 586 236 313 789 684 366 936 978 510 916 664 375 724 698 187 859 122 72 892 33 841 65 459 461 853 259 325 846 192 935 474 447 280 228 449 763 968 234 413 166 135 473 383 958 442 999 529 363 877 715 570 386 444 233 197 140 328 339 762 487 646 400 376 832 810 922 638 774 277 701 635 711 686 468 478 718 533 119 237 901 235 576 741 508 725 165 171 974 755 189 778 647 326 542 973 224 104 

operations: 717 
284 839 237 6 993 213 236 775 697 49 19 114 763 79 497 21 797 106 229 262 765 469 819 899 685 78 479 56 121 103 645 868 438 273 616 477 122 973 57 979 883 357 707 31 470 858 635 729 136 945 374 323 309 271 905 733 462 197 301 760 54 30 227 850 358 772 257 650 999 744 827 322 788 233 346 596 738 151 969 877 303 235 787 130 349 533 200 326 94 769 531 592 555 700 549 142 661 517 378 240 

operations: 805 
495 395 957 969 544 15 443 826 114 567 760 226 341 714 347 941 805 815 598 994 401 485 73 773 899 577 135 527 940 552 883 222 354 617 906 864 325 248 668 74 87 913 516 688 948 722 745 945 787 309 412 548 149 636 316 860 879 334 630 733 756 697 456 254 828 720 784 390 379 880 799 965 441 781 446 856 728 482 849 706 481 24 742 541 287 182 117 905 736 582 716 91 216 385 842 467 521 218 462 595 

operations: 748 
436 385 741 383 315 526 482 721 555 116 311 99 48 210 841 531 908 135 720 822 616 622 460 75 639 875 946 621 849 541 515 759 312 269 430 569 777 736 328 691 79 995 823 573 517 904 479 143 429 148 614 667 612 758 480 381 786 903 552 351 608 783 228 435 239 948 117 188 993 970 191 872 735 924 206 964 355 144 272 25 698 322 767 645 410 530 104 528 449 229 263 218 923 653 225 339 451 87 268 627 

operations: 750 
641 941 632 228 343 552 826 726 590 271 86 127 860 371 169 85 136 167 600 298 750 873 533 633 254 645 727 947 473 982 362 11 173 962 88 407 791 663 711 245 778 200 993 623 80 14 354 735 861 296 505 353 988 586 252 135 701 99 798 188 158 875 372 373 247 465 613 693 83 202 797 567 212 518 513 588 955 556 890 275 331 410 311 548 871 230 172 415 408 451 989 273 490 662 972 458 388 666 617 102 

operations: 813 
351 60 935 536 227 207 649 159 568 206 638 91 332 755 338 156 417 322 209 373 148 250 801 908 238 320 87 39 802 273 395 106 849 177 682 618 791 62 164 940 405 780 834 771 797 597 882 360 703 172 375 946 872 478 69 885 123 835 549 42 812 769 282 884 843 745 575 900 540 615 413 830 539 516 751 249 469 609 325 901 669 951 222 953 519 857 170 333 686 605 466 984 906 488 268 130 583 744 629 143 

operations: 727 
445 41 491 340 941 177 465 684 900 402 248 657 847 818 512 626 19 405 824 652 476 354 253 87 151 649 885 396 105 489 822 81 360 503 987 778 220 490 648 469 229 470 288 82 949 236 759 852 691 166 142 316 557 793 196 83 173 769 528 781 816 129 998 996 377 21 719 217 120 478 547 337 961 462 659 563 357 860 850 232 459 106 919 273 286 130 640 650 592 809 641 292 507 114 272 181 747 896 127 11 

operations: 826 
98 843 668 785 234 950 248 402 45 664 703 862 660 674 594 409 131 90 206 612 375 940 407 720 358 308 159 864 195 649 613 829 467 458 982 759 491 448 287 463 326 336 989 592 182 735 304 211 651 322 129 980 974 374 280 153 366 783 576 81 744 879 341 537 746 970 975 305 416 128 736 298 554 633 347 810 711 152 908 175 609 605 78 845 324 860 473 786 804 169 510 948 241 960 714 939 697 499 57 231 

operations: 787 
917 397 424 174 484 105 533 753 509 881 999 245 78 536 802 349 317 617 692 200 308 644 643 340 292 784 825 515 967 862 448 938 547 516 410 762 419 904 525 700 731 504 719 616 434 650 327 766 339 483 141 454 279 467 466 278 277 579 64 613 973 872 512 422 608 889 923 688 668 588 711 940 500 110 162 744 256 972 462 377 770 842 742 343 341 902 156 304 319 604 57 775 901 734 356 656 888 621 606 750 

operations: 737 
300 569 611 488 78 670 601 149 753 295 260 800 732 837 694 697 709 761 946 505 212 28 42 816 176 75 598 722 202 302 330 739 889 795 878 277 711 522 59 36 139 993 731 764 208 304 931 382 332 403 856 273 804 247 111 519 650 723 745 463 388 715 968 527 854 116 145 997 571 585 481 252 666 184 986 130 385 349 138 209 686 640 649 308 648 511 979 182 261 363 18 641 509 281 320 196 888 351 104 504 

operations: 788 
516 43 355 426 979 788 52 904 763 620 299 273 316 524 860 619 301 161 94 849 641 430 480 898 464 752 346 31 608 724 683 971 772 826 175 463 504 530 714 246 266 785 333 686 169 543 601 212 153 806 203 997 954 883 751 443 993 920 588 685 286 294 613 444 348 925 485 749 799 453 989 376 350 930 342 914 654 367 587 313 889 973 852 417 120 329 168 386 770 239 225 405 502 985 167 234 843 115 877 709 

operations: 746 
70 6 648 391 469 965 486 133 41 80 783 78 961 733 23 537 232 393 180 222 685 498 388 243 656 138 362 745 856 701 927 464 421 438 840 913 11 158 99 329 810 450 854 203 418 504 76 715 485 607 71 156 904 496 448 884 819 811 60 512 334 523 385 42 207 386 215 36 187 413 553 619 318 52 419 405 605 909 933 236 267 655 760 475 830 500 836 107 694 806 92 288 821 983 125 299 618 628 571 673 

operations: 733 
135 866 899 681 304 784 156 867 586 411 490 223 776 176 207 410 437 548 305 284 949 542 789 398 504 220 317 798 512 253 252 621 479 811 704 999 215 728 575 991 594 735 737 405 535 693 187 564 864 130 851 63 173 763 403 270 863 967 688 80 523 741 158 793 817 765 840 239 157 577 606 78 150 60 910 882 753 622 860 988 608 618 801 202 551 185 19 161 443 987 859 344 426 918 982 208 352 287 932 534 

operations: 802 
217 368 998 591 130 332 541 592 739 875 869 114 514 649 346 500 313 451 548 713 274 416 85 424 804 724 468 350 846 351 240 970 839 590 294 963 878 665 984 513 911 172 979 509 364 537 128 308 441 779 736 847 746 575 730 80 720 631 781 15 159 186 721 608 553 104 435 623 111 373 236 425 935 243 950 831 749 257 166 165 345 62 311 703 134 821 239 907 629 89 671 695 868 668 947 440 647 102 877 150 

operations: 782 
629 954 467 900 683 536 141 975 148 843 251 728 382 270 644 845 570 820 847 561 831 577 421 931 111 501 934 349 899 304 170 441 947 404 603 704 277 867 348 470 650 914 684 384 254 984 611 698 438 651 937 296 22 315 537 388 677 548 100 109 90 883 92 312 207 149 528 475 747 413 174 331 324 457 707 212 777 887 188 893 795 94 772 596 71 32 723 247 415 864 832 615 697 763 365 734 158 839 816 897 

operations: 758 
365 898 183 671 514 844 917 736 489 236 249 306 87 699 924 606 448 845 305 291 481 941 473 298 471 947 146 19 645 718 655 23 68 439 263 474 584 122 817 618 895 413 435 330 352 759 535 668 749 351 311 204 524 766 140 621 274 135 558 664 353 186 653 676 528 187 390 755 380 402 927 596 790 446 57 828 854 386 510 160 958 765 843 825 94 256 788 329 634 742 137 880 419 219 454 69 259 923 426 564 

operations: 816 
730 273 851 612 133 594 945 756 903 433 731 850 700 677 370 313 690 816 100 292 638 350 482 168 641 116 552 570 69 782 93 858 281 879 925 227 667 465 581 988 535 475 413 578 237 857 261 265 533 939 621 523 689 944 915 303 347 74 705 314 797 438 337 779 210 956 71 575 441 488 606 608 662 810 126 276 865 712 794 42 86 676 666 630 742 286 697 469 336 592 540 905 910 590 955 229 500 814 348 110 

operations: 812 
135 482 627 802 304 441 92 837 133 553 73 294 381 557 693 58 205 97 369 0 498 878 637 800 102 868 851 251 623 307 189 419 522 399 382 843 470 257 324 556 852 908 542 459 893 529 160 863 362 605 694 298 179 714 900 582 809 833 586 600 602 398 734 46 429 774 643 161 584 740 588 724 50 769 475 998 784 380 115 589 796 555 631 570 726 197 785 613 47 966 126 736 242 738 217 334 112 215 551 48 

operations: 776 
921 321 653 664 141 323 386 241 131 470 389 65 7 196 955 671 75 549 245 876 303 164 616 72 720 877 553 138 826 606 738 58 269 463 862 126 22 954 464 423 469 324 830 439 504 811 809 436 886 594 346 769 654 698 895 859 280 540 579 781 225 885 409 605 686 919 159 228 688 503 590 489 410 490 418 860 970 325 632 155 685 839 512 157 858 243 270 711 575 172 733 318 903 424 193 421 580 709 108 915 

operations: 758 
299 947 942 670 579 707 147 235 726 467 377 628 586 413 382 862 855 594 477 208 958 394 774 681 188 337 870 948 268 432 842 154 311 829 104 729 536 791 421 601 207 179 648 838 831 611 251 144 111 429 542 794 622 865 717 314 995 319 356 487 211 267 757 72 117 372 459 576 928 993 998 893 806 438 442 318 565 704 741 577 525 773 595 699 426 378 932 422 160 588 434 712 835 100 521 755 845 364 617 292 

operations: 815 
348 798 172 835 222 982 703 243 230 277 341 470 211 456 340 718 208 527 412 481 50 353 263 775 154 17 861 156 103 199 834 838 372 858 160 194 498 811 530 274 998 142 227 724 526 196 625 286 380 736 579 616 593 333 890 624 529 587 961 276 590 295 731 141 207 957 523 694 847 633 329 264 155 482 107 652 803 150 753 634 850 630 671 393 258 674 619 195 190 401 106 755 164 941 493 735 251 977 720 667 

operations: 832 
510 799 733 415 855 991 44 179 717 104 613 626 119 392 243 860 542 900 824 550 315 449 443 247 796 414 850 520 637 426 317 732 819 222 839 383 554 807 382 166 767 504 144 234 75 218 109 643 90 181 103 331 847 589 455 127 185 453 482 465 46 97 110 895 728 666 125 208 747 826 864 48 603 387 38 988 606 955 859 547 481 776 170 784 768 365 492 69 792 778 737 566 684 58 217 483 804 875 154 924 

operations: 790 
442 82 329 314 764 445 928 266 486 553 48 393 648 676 466 766 727 39 942 293 951 713 292 658 536 115 936 549 138 67 990 950 235 862 732 684 347 256 559 655 474 869 691 739 509 702 469 865 106 746 653 75 829 379 419 909 285 890 957 395 893 462 850 580 995 416 801 969 760 78 993 511 789 685 187 404 376 37 886 394 73 128 857 526 604 496 736 952 541 930 306 729 954 538 644 548 275 602 396 519 

operations: 743 
766 31 13 99 852 788 597 190 869 638 650 784 933 891 878 385 266 494 427 53 251 220 816 906 842 664 95 538 684 436 195 583 545 334 552 373 536 92 473 802 874 521 712 483 531 754 395 622 927 280 846 709 125 811 154 309 560 937 14 821 275 559 553 848 282 850 998 509 109 924 230 750 936 950 81 786 855 999 314 843 860 537 533 166 126 979 652 240 692 105 96 501 370 284 470 595 558 914 167 582 

operations: 736 
377 788 820 627 218 978 708 942 86 335 705 971 83 651 825 849 558 474 694 542 367 38 17 309 962 168 143 328 678 189 165 901 566 982 540 436 530 668 92 676 194 493 817 331 998 941 960 362 924 176 147 293 207 950 812 100 163 906 910 84 145 939 446 733 424 488 196 125 576 808 254 718 797 361 925 854 920 890 131 710 997 422 320 332 796 547 795 585 247 550 509 271 284 685 273 172 287 181 634 109 

operations: 762 
931 59 586 304 254 830 788 897 876 867 714 645 907 24 96 699 204 339 580 660 389 217 226 704 846 307 657 853 426 213 344 525 377 456 612 539 315 910 918 199 621 444 264 984 841 181 624 247 432 708 682 659 35 706 356 727 709 133 469 156 873 500 925 946 662 938 274 581 929 928 141 761 956 147 327 266 587 335 871 230 51 346 122 121 934 880 947 130 325 196 117 887 48 805 991 320 36 889 745 717 

operations: 763 
580 709 513 622 296 225 357 429 617 629 433 680 805 681 735 574 706 589 256 394 714 686 446 782 999 697 348 553 137 611 864 732 711 524 115 912 540 526 472 294 703 419 154 941 317 122 701 18 896 837 755 679 242 699 654 668 280 85 467 958 915 106 461 436 442 414 666 116 255 437 422 921 313 737 263 204 713 129 421 990 70 262 314 52 972 124 610 152 564 600 542 489 395 174 408 784 601 143 141 466 

operations: 770 
477 561 733 45 952 681 259 904 672 897 87 673 289 751 63 984 27 534 80 520 330 525 690 283 967 294 578 393 303 255 767 486 721 658 188 723 917 479 458 566 469 368 985 835 600 791 922 362 684 894 957 120 299 523 389 718 464 421 366 378 775 211 159 889 906 651 363 296 331 951 313 151 886 342 960 341 164 102 685 977 185 483 261 602 964 466 632 926 539 970 507 936 786 919 104 973 295 940 241 147 

operations: 806 
629 871 394 237 887 228 631 740 313 260 457 98 864 251 755 760 711 739 661 880 816 482 456 771 618 716 679 42 836 511 146 712 517 847 303 480 675 88 253 314 593 901 596 790 532 372 157 955 100 339 507 222 175 415 580 809 200 538 170 893 638 832 911 308 282 854 488 522 863 802 23 865 835 937 746 118 985 275 512 235 219 857 620 950 924 114 878 828 948 77 73 323 867 777 327 819 326 240 501 296 

operations: 819 
991 902 133 86 130 230 843 736 655 657 894 350 260 289 589 255 597 515 551 25 197 303 93 722 797 75 685 641 284 173 495 854 696 82 11 170 355 458 308 796 982 528 353 911 805 839 108 412 250 812 148 112 498 390 101 936 629 571 975 683 832 967 198 780 623 990 616 964 476 271 171 214 584 958 576 292 77 337 969 378 579 176 123 247 662 370 912 603 424 927 557 491 770 436 117 59 897 438 529 600 

operations: 768 
335 86 762 907 282 816 93 767 731 808 780 750 946 978 300 350 916 815 690 419 997 559 264 332 490 894 42 737 800 231 601 275 918 597 310 723 961 191 853 444 758 105 931 812 180 667 256 117 237 245 869 377 768 523 272 544 833 262 956 176 393 868 190 923 877 214 552 704 686 476 875 783 102 472 470 955 864 422 371 277 639 746 417 292 294 436 423 975 809 993 753 725 972 526 193 608 391 867 619 324 

operations: 812 
159 784 60 118 193 648 802 928 211 554 855 6 20 801 354 320 513 880 816 686 39 758 363 306 590 539 622 874 793 695 549 713 240 679 114 567 598 879 286 452 331 69 81 705 327 946 176 987 769 263 490 687 672 307 662 362 553 112 921 10 252 99 994 670 42 97 597 314 412 32 405 923 299 251 229 636 737 47 481 172 75 479 329 440 832 384 397 628 247 768 738 420 945 308 65 696 776 707 528 465 

operations: 775 
177 805 601 872 760 788 615 515 829 638 779 288 949 225 704 327 478 434 450 6 360 691 723 275 896 539 811 845 540 186 446 55 553 250 373 74 197 319 686 109 503 725 817 510 749 661 724 287 836 627 309 301 104 258 973 763 762 773 502 856 750 226 629 860 261 593 842 711 571 164 59 333 347 668 501 32 462 308 693 216 512 552 731 112 713 217 528 208 215 726 148 495 999 990 966 516 926 844 556 518 

operations: 731 
76 206 677 807 990 341 158 293 487 345 16 918 723 565 405 248 735 64 300 53 727 785 828 600 463 349 11 51 706 682 968 394 159 859 186 338 501 956 15 678 47 714 635 971 255 665 66 609 392 430 467 21 749 490 432 340 471 26 388 997 668 315 445 274 770 921 275 441 773 875 69 137 821 568 988 847 874 962 991 588 637 560 335 989 536 103 52 102 772 489 537 169 987 278 599 833 532 636 872 933 

operations: 791 
721 183 597 247 796 705 919 837 425 91 149 575 12 875 679 155 853 58 528 202 901 940 106 614 264 233 330 578 758 346 592 748 357 541 546 898 688 570 814 293 187 398 316 702 378 208 850 372 787 606 638 781 265 433 80 974 706 193 753 516 609 671 359 281 32 879 412 817 127 302 371 569 171 89 468 369 62 782 444 424 681 270 279 744 186 789 840 283 525 440 633 162 428 927 823 808 893 390 277 586 

operations: 719 
185 750 133 206 726 8 101 174 229 616 721 804 800 888 896 361 739 703 163 747 962 718 196 193 308 75 412 224 809 247 46 442 479 788 455 652 162 699 847 929 331 563 329 505 565 826 333 371 677 608 772 217 852 293 189 848 657 584 328 988 117 336 585 753 469 979 886 981 922 840 110 770 192 319 906 112 485 475 273 27 433 477 544 384 706 890 395 493 181 653 938 819 140 194 593 869 766 309 190 729 

operations: 786 
579 651 317 498 698 880 929 619 307 43 540 925 605 657 126 491 483 261 966 753 306 591 956 322 177 514 789 828 963 299 252 981 436 431 987 931 297 751 426 124 910 875 309 187 284 626 941 296 86 862 423 707 525 45 162 688 55 721 877 701 20 800 994 927 198 827 947 971 556 664 363 103 336 401 230 627 867 533 321 501 696 914 290 803 686 512 683 705 638 990 895 70 563 446 484 476 708 175 744 253 

operations: 809 
700 598 137 848 499 68 200 168 466 516 760 654 904 38 539 826 190 862 71 96 401 822 550 210 320 305 694 202 517 58 892 284 146 217 306 845 483 410 36 990 603 233 675 705 908 924 885 945 258 52 530 618 351 192 136 275 220 819 417 251 383 279 795 832 465 325 500 119 850 893 86 294 464 875 280 797 571 363 312 185 198 585 497 485 74 773 380 669 979 553 959 444 458 881 774 180 481 752 939 525 

operations: 766 
2 956 520 884 834 567 652 9 771 203 37 776 333 130 647 929 117 986 499 366 887 105 58 148 346 617 688 489 452 853 405 486 233 406 485 678 562 537 563 310 457 450 763 466 458 253 626 506 501 223 64 785 473 888 40 448 511 711 113 337 453 683 126 607 442 936 680 258 519 491 820 183 464 504 670 127 660 790 465 104 495 222 173 589 163 714 426 462 849 445 933 451 907 968 131 158 220 677 620 635 

operations: 753 
696 33 288 153 673 412 129 638 829 659 818 716 997 469 216 272 778 500 707 195 182 752 556 690 443 864 449 942 499 391 187 446 457 390 45 619 675 970 677 900 384 652 741 517 493 726 549 537 494 292 587 30 254 458 242 950 697 984 878 119 492 124 767 189 903 795 424 402 309 762 243 978 179 658 364 681 167 700 214 821 867 234 468 774 273 881 805 193 739 995 503 486 296 953 313 322 452 965 460 483 

operations: 763 
801 333 148 474 466 305 395 23 277 510 688 247 607 787 325 54 81 432 170 200 384 410 196 369 343 344 995 990 504 564 929 72 224 248 365 709 417 20 629 51 764 423 295 915 964 195 735 252 179 85 299 606 231 733 546 198 841 812 511 984 802 924 482 67 306 523 963 946 703 243 210 870 109 538 241 27 803 775 813 982 289 50 531 188 832 337 628 999 304 328 310 515 699 774 658 318 134 514 493 810 

operations: 800 
943 451 689 720 392 424 527 853 664 103 12 651 104 732 637 691 314 124 970 246 66 857 318 530 453 199 142 492 909 413 362 120 197 707 458 415 733 412 957 629 976 927 961 862 206 627 623 808 176 169 906 784 486 281 341 815 278 315 534 954 269 258 657 726 170 770 265 452 277 928 839 439 723 358 681 617 724 964 338 255 419 791 989 494 477 721 896 799 911 391 524 731 178 669 933 114 536 354 147 786 

operations: 757 
976 817 109 87 311 878 357 677 330 496 997 753 936 802 676 125 440 663 996 260 632 461 272 393 747 249 785 363 977 351 415 463 382 35 421 944 171 803 696 90 462 368 341 819 95 308 689 903 304 571 973 875 588 179 320 758 221 113 110 623 177 561 205 652 820 939 681 823 583 918 444 206 776 374 554 514 147 355 499 356 217 791 533 993 655 405 609 438 847 299 862 668 487 637 439 843 851 375 720 733 

operations: 798 
487 417 637 471 148 231 542 192 890 778 838 572 989 338 670 964 288 251 526 530 364 521 646 889 850 259 397 607 747 424 974 237 704 378 44 570 677 514 566 912 272 703 665 518 674 849 450 102 698 551 121 420 331 176 635 159 243 430 499 226 723 212 368 652 853 541 569 728 784 726 895 134 216 843 836 793 715 896 884 180 203 936 821 247 307 818 996 415 769 968 689 73 560 870 869 950 167 375 539 32 

