11684
12154
21653
 11707
 17418
 4100
 20651
 4551
 3958
 395
 25709
15735
20481
 27808
10044
 274
8881
 20128
 28709
17004
13051
 1845
 8032
8803
7227
21972
6098
21092
 31548
 1855
26762
6630
12212
 21250
 9797
3052
19910
26872
29932
27781
16256
11973
16658
17997
 5725
 11611
10617
12267
3267
-11896
 6284
16786
14212
2597
3557
14979
 26463
 9270
6086
22152
 14974
 6606
31906
 21369
 24055
 7899
 5268
 9912
32589
2964
21220
 25271
 28142
6656

32646
 19567
27829
21360
8349
8424
13160
 11777
 5106
2742
8248
23069
 22656
18295
 6470
16377
2026
32088
7707
11543
1
16528
 2349
12740
 15425
18658
351
 11929
 24402
 22301
 7039
 4603
27785
19101
 11207
 17821
12647
 26314
 18271
19451
24343
18582
30167
3550
21490
 3073
4784
22493
 5373
 8598
24274
2008
30567
21485
16917
 27262
 31245
32040
15547
 18630
20216
 27769
2290
9591
 5339
31641
 27732
 10914
 16536
 21584
 14697
 18213
 14010
26098
 289
 31784
5371
2782
29788
23202
11198
 24064
 30053
12499
10131
16462
22897
26568
27320
3660
23074
4316
 5780
1417
 14088
9012
17724
23073
1820
26945
29424
31804
14917
7744
6045
3468
19158
15291
 28762
1745
7948
30471
30958
3414
6802
28357
5446
30835
24575
2148
27393
1803
16980
32155
 27367
  17678
   26240
    6642
	2667
	 8438
	 5343
	 10296
	 11566
	 12620
	  15029
	  4108
	  15998
	   10786
	   7093
	   9046
	   31441
	   664
	   13182
	   7117
	    26956
		19034
		18202
		18545
		1344
		12062
		 9855
		  27408
		   6058
		    12840
			 7697
			 17859
			  16560
			   3528
			   6172
			   22640
			   12585
			   19160
			   28252
			   20040
			   5140
			    1601
				 27511
				  6984
				  10269
				  26229
				  31871
				  18874
				  2334
				  16628
				  4723 30644 10650 28618 13245 1173 31809 22285 15795 28301 19825 6753 22040 24596 19633 630 3226 28015 17974 4743 11348 561 3168 19931 15692 32438 4412 11589 13812 1447 12290 17573 23722 31099 9878 6247 22842 10738 16137 8961 30297 12699 10518 2680 4906 845 936 1497 17595 10159 5713 29378 10119 10930 15059 6873 24819 14612 30361 10577 20691 28125 17468 20587 29413 20451 3329 7921 28754 32584 21079 1466 24882 4857 1883 3370 15879 9775 6742 15025 319 5616 11835 9802 30900 1068 16380 18222 2339 5365 17755 5597 22811 23181 26373 30178 27052 18842 7719 29125 2903 31468 12791 20222 12648 1278 27962 32623 32634 1403 958 17125 1777 23220 10207 30877 13440 3373 20484 8379 28066 26896 11297 3538 24099 18357 19252 18018 30102 28874 5715 5342 15751 6778 20604 27560 32448 13670 16417 1517 31190 960 19054 2419 10364 12864 16384 9035 14996 7601 24155 9555 12201 18531 370 21427 8308 32696 1316 25185 14426 12698 22203 8862 24298 29185 13934 24697 4449 12400 10462 28746 27688 7542 6298 27702 25683 16431 10141 8624 12578 15298 12493 12020 25985 17635 31101 20619 14730 18257 4841 24268 1024 15191 27582 31575 25555 11085 4498 28314 6561 26901 8806 13647 4401 29601 28201 15866 6904 3178 18486 22125 21910 31992 2259 18757 18264 3167 16050 11117 10166 9406 4210 22936 22740 10432 19996 9673 4355 31005 12968 13517 13375 10776 21880 3005 23985 26880 19419 19838 6444 4530 31369 10307 19634 29715 5931 29448 20974 18840 22994
